100
1 1 1
20 1 5
1 16 11
4 5 17
3 6 14
1 19 8
17 1 2
3 2 5
1 20 10
1 8 8
4 4 12
2 9 13
5 3 6
1 3 2
3 3 5
9 1 9
19 1 16
4 4 14
16 1 8
15 1 1
6 3 1
3 3 9
5 1 3
3 3 9
1 17 4
19 1 17
4 2 7
3 3 3
2 7 10
6 1 6
1 5 3
1 1 1
2 3 6
3 4 10
2 4 2
1 13 6
3 1 1
6 2 8
6 1 6
5 4 6
4 4 2
2 1 1
1 6 2
5 4 14
4 5 14
8 2 12
3 1 3
3 3 2
8 1 1
5 4 16
1 18 7
1 16 3
1 12 2
10 2 4
4 4 10
3 2 1
4 4 10
10 2 11
2 3 4
20 1 1
1 4 2
1 16 14
11 1 11
5 1 5
1 5 5
1 13 12
1 13 8
1 12 8
19 1 16
4 2 6
13 1 9
18 1 2
8 1 3
5 2 8
4 3 6
5 4 10
8 1 8
1 19 5
13 1 13
5 2 9
1 19 8
15 1 7
1 2 1
3 2 4
2 5 10
1 18 4
1 13 2
8 2 8
8 2 2
14 1 2
1 11 7
1 12 10
1 16 15
3 1 2
3 6 7
1 19 11
14 1 1
14 1 13
1 18 3
2 5 4
