4 4
0 1
0 1439 100
0 2
0 1439 75
1 3
0 720 150
721 824 100
825 1000 75
1001 1439 150
2 3
0 1439 150
3 2
0 1
0 10 200
11 1439 300
1 2
0 10 200
11 1439 300
4 3
0 1
0 719 500
720 1439 240
1 2
0 964 500
965 1439 2
2 3
0 971 500
972 1439 3
4 4
0 1
0 749 300
750 1439 78
0 2
0 1439 47
1 2
0 1439 44
1 3
0 1439 5
4 3
0 1
0 1439 225
1 2
0 749 60
750 1299 120
1300 1439 60
2 3
0 1439 60
4 4
0 1
0 1439 200
0 2
0 1439 150
1 3
0 720 200
721 924 150
925 1000 100
1001 1439 150
2 3
0 1439 300
3 2
0 1
0 10 200
11 1439 900
1 2
0 10 200
11 1439 900
3 2
0 1
0 719 240
720 749 240
750 1439 240
1 2
0 1439 120
3 2
0 1
0 719 240
720 749 240
750 1439 180
1 2
0 1439 120
3 2
0 1
0 719 240
720 749 240
750 1439 180
1 2
0 929 500
930 931 150
932 933 140
934 935 100
936 1439 500
3 2
0 1
0 719 240
720 749 240
750 1439 180
1 2
0 929 500
930 931 150
932 933 61
934 935 100
936 1439 500
4 4
0 1
0 1439 206
1 3
0 1439 7
0 2
0 747 300
748 1439 129
2 3
0 1439 63
4 2
0 2
0 710 300
711 722 56
723 1439 300
2 3
0 750 300
751 1439 227
4 2
0 2
0 720 300
721 722 56
723 1439 300
2 3
0 750 300
751 1439 227
3 2
0 1
0 719 300
720 720 173
721 1439 300
1 2
0 899 300
900 1439 158
3 2
0 1
0 654 216
655 720 173
721 1439 192
1 2
0 899 300
900 1439 158
3 2
0 1
0 654 300
655 720 173
721 1439 300
1 2
0 899 300
900 1439 158
3 2
0 1
0 719 300
720 720 173
721 1439 300
1 2
0 899 300
900 1439 158
3 2
0 1
0 709 300
710 720 173
721 1439 300
1 2
0 899 300
900 1439 158
10 10
0 2
0 1439 60
0 8
0 1439 360
6 1
0 1439 60
5 2
0 749 120
750 1299 240
1300 1439 120
3 4
0 1439 120
4 5
0 1439 120
5 7
0 1439 120
5 8
0 1439 120
7 9
0 1439 120
8 9
0 999 60
1000 1439 180
7 8
0 1
0 59 60
60 119 120
120 179 180
180 239 240
240 299 300
300 359 360
360 419 420
420 479 480
480 539 60
540 599 120
600 659 180
660 719 240
720 779 300
780 839 360
840 899 420
900 959 480
960 1019 60
1020 1079 120
1080 1139 180
1140 1199 240
1200 1259 300
1260 1319 360
1320 1379 420
1380 1439 480
0 2
0 59 120
60 119 180
120 179 240
180 239 300
240 299 360
300 359 420
360 419 480
420 479 60
480 539 120
540 599 180
600 659 240
660 719 300
720 779 360
780 839 420
840 899 480
900 959 60
960 1019 120
1020 1079 180
1080 1139 240
1140 1199 300
1200 1259 360
1260 1319 420
1320 1379 480
1380 1439 60
1 3
0 1439 60
2 3
0 1439 60
3 4
0 59 60
60 119 120
120 179 180
180 239 240
240 299 300
300 359 360
360 419 420
420 479 480
480 539 60
540 599 120
600 659 180
660 719 240
720 779 300
780 839 360
840 899 420
900 959 480
960 1019 60
1020 1079 120
1080 1139 180
1140 1199 240
1200 1259 300
1260 1319 360
1320 1379 420
1380 1439 480
3 5
0 59 120
60 119 180
120 179 240
180 239 300
240 299 360
300 359 420
360 419 480
420 479 60
480 539 120
540 599 180
600 659 240
660 719 300
720 779 360
780 839 420
840 899 480
900 959 60
960 1019 120
1020 1079 180
1080 1139 240
1140 1199 300
1200 1259 360
1260 1319 420
1320 1379 480
1380 1439 60
4 6
0 1439 60
5 6
0 1439 60
7 8
0 1
0 59 270
60 119 240
120 179 210
180 239 180
240 299 150
300 359 120
360 419 90
420 479 60
480 539 240
540 599 210
600 659 180
660 719 150
720 779 120
780 839 90
840 899 60
900 959 270
960 1019 240
1020 1079 210
1080 1139 180
1140 1199 150
1200 1259 120
1260 1319 90
1320 1379 60
1380 1439 30
0 2
0 59 120
60 119 80
120 179 40
180 239 280
240 299 240
300 359 200
360 419 160
420 479 120
480 539 80
540 599 40
600 659 60
660 719 80
720 779 100
780 839 120
840 899 140
900 959 160
960 1019 180
1020 1079 200
1080 1139 220
1140 1199 240
1200 1259 200
1260 1319 160
1320 1379 120
1380 1439 80
1 3
0 1439 60
2 3
0 1439 60
3 4
0 59 270
60 119 240
120 179 210
180 239 180
240 299 150
300 359 120
360 419 90
420 479 60
480 539 240
540 599 210
600 659 180
660 719 150
720 779 120
780 839 90
840 899 60
900 959 270
960 1019 240
1020 1079 210
1080 1139 180
1140 1199 150
1200 1259 120
1260 1319 90
1320 1379 60
1380 1439 30
3 5
0 59 120
60 119 80
120 179 40
180 239 280
240 299 240
300 359 200
360 419 160
420 479 120
480 539 80
540 599 40
600 659 60
660 719 80
720 779 100
780 839 120
840 899 140
900 959 160
960 1019 180
1020 1079 200
1080 1139 220
1140 1199 240
1200 1259 200
1260 1319 160
1320 1379 120
1380 1439 80
4 6
0 1439 60
5 6
0 1439 60
10 15
0 1
0 1439 90
0 2
0 1439 30
0 3
0 1439 60
0 8
0 1439 180
1 6
0 1439 30
2 5
0 1439 60
2 6
0 1439 90
3 4
0 1439 60
4 5
0 1439 60
5 7
0 1439 60
5 8
0 1439 60
6 7
0 1439 60
6 8
0 1439 60
7 9
0 1439 60
8 9
0 1439 30
10 15
0 1
0 1439 90
0 2
0 1439 30
0 3
0 1439 60
0 8
0 1439 180
1 6
0 1439 30
2 5
0 749 60
750 1299 120
1300 1439 60
2 6
0 1439 90
3 4
0 1439 60
4 5
0 1439 60
5 7
0 1439 60
5 8
0 1439 60
6 7
0 1439 60
6 8
0 1439 60
7 9
0 1439 60
8 9
0 1439 30
10 15
0 1
0 1439 90
0 2
0 1439 30
0 3
0 1439 60
0 8
0 1439 180
6 1
0 1439 30
5 2
0 749 60
750 1299 120
1300 1439 60
6 2
0 1439 90
3 4
0 1439 60
4 5
0 1439 60
5 7
0 1439 60
5 8
0 1439 60
6 7
0 1439 60
6 8
0 1439 60
7 9
0 1439 60
8 9
0 999 30
1000 1439 90
10 15
0 1
0 1439 180
0 2
0 1439 60
0 3
0 1439 120
0 8
0 799 360
800 999 120
1000 1439 360
1 6
0 1439 60
2 5
0 749 120
750 1299 240
1300 1439 120
2 6
0 1439 180
3 4
0 1439 120
4 5
0 1439 120
5 7
0 1439 120
5 8
0 1439 120
6 7
0 1439 120
6 8
0 1439 120
7 9
0 1439 120
8 9
0 999 60
1000 1439 180
10 15
0 1
0 1439 360
0 2
0 1439 120
0 3
0 1439 240
0 8
0 1439 720
1 6
0 1439 120
2 5
0 749 240
750 1299 480
1300 1439 240
2 6
0 1439 360
3 4
0 1439 240
4 5
0 1439 240
5 7
0 1439 240
5 8
0 1439 240
6 7
0 1439 240
6 8
0 1439 240
7 9
0 1439 240
8 9
0 999 120
1000 1439 360
20 31
0 1
0 1439 90
0 2
0 1439 30
0 3
0 1439 60
0 8
0 1439 330
1 6
0 1439 30
2 5
0 1439 60
2 6
0 1439 90
3 4
0 1439 60
4 5
0 1439 60
5 7
0 1439 60
5 8
0 1439 60
6 7
0 1439 60
6 8
0 1439 60
7 9
0 1439 60
8 9
0 1439 30
9 10
0 1439 1
10 11
0 1439 90
10 12
0 1439 30
10 13
0 1439 60
10 18
0 1439 330
11 16
0 1439 30
12 15
0 749 60
750 1299 120
1300 1439 60
12 16
0 1439 90
13 14
0 1439 60
14 15
0 1439 60
15 17
0 1439 60
15 18
0 1439 60
16 17
0 1439 60
16 18
0 1439 60
17 19
0 1439 60
18 19
0 1439 30
50 80
00 01
0 1439 90
00 02
0 1439 30
00 03
0 1439 60
00 08
0 1439 330
01 06
0 1439 30
02 05
0 1439 60
02 06
0 1439 90
03 04
0 1439 60
04 05
0 1439 60
05 07
0 1439 60
05 08
0 1439 60
06 07
0 1439 60
06 08
0 1439 60
07 09
0 1439 60
08 09
0 1439 30
09 10
0 1439 15
09 20
0 1439 15
10 11
0 1439 90
10 12
0 1439 30
10 13
0 1439 60
10 18
0 1439 330
11 16
0 1439 30
12 15
0 749 60
750 1299 120
1300 1439 60
12 16
0 1439 90
13 14
0 1439 60
14 15
0 1439 60
15 17
0 1439 60
15 18
0 1439 60
16 17
0 1439 60
16 18
0 1439 60
17 19
0 1439 60
18 19
0 1439 30
19 30
0 1439 15
20 21
0 1439 90
20 22
0 1439 30
20 23
0 1439 60
20 28
0 1439 330
26 21
0 1439 30
25 22
0 749 60
750 1299 120
1300 1439 60
26 22
0 1439 90
23 24
0 1439 60
24 25
0 1439 60
25 27
0 1439 60
25 28
0 1439 60
26 27
0 1439 60
26 28
0 1439 60
27 29
0 1439 60
28 29
0 999 30
1000 1439 90
29 40
0 1439 15
30 31
0 1439 90
30 32
0 1439 30
30 33
0 1439 60
30 38
0 799 330
800 999 60
1000 1439 330
31 36
0 1439 30
32 35
0 749 60
750 1299 120
1300 1439 60
32 36
0 1439 90
33 34
0 1439 60
34 35
0 1439 60
35 37
0 1439 60
35 38
0 1439 60
36 37
0 1439 60
36 38
0 1439 60
37 39
0 1439 60
38 39
0 999 30
1000 1439 90
39 40
0 1439 15
40 41
0 1439 330
40 42
0 1439 60
40 43
0 1439 120
40 48
0 1439 360
41 46
0 1439 60
42 45
0 749 120
750 1299 240
1300 1439 120
42 46
0 1439 330
43 44
0 1439 120
44 45
0 1439 120
45 47
0 1439 120
45 48
0 1439 120
46 47
0 1439 120
46 48
0 1439 120
47 49
0 1439 120
48 49
0 999 60
1000 1439 330
500 809
00 01
0 1439 90
00 02
0 1439 30
00 03
0 1439 60
00 08
0 1439 180
01 06
0 1439 30
02 05
0 1439 60
02 06
0 1439 90
03 04
0 1439 60
04 05
0 1439 60
05 07
0 1439 60
05 08
0 1439 60
06 07
0 1439 60
06 08
0 1439 60
07 09
0 1439 60
08 09
0 1439 30
09 10
0 1439 15
09 20
0 1439 15
10 11
0 1439 90
10 12
0 1439 30
10 13
0 1439 60
10 18
0 1439 180
11 16
0 1439 30
12 15
0 749 60
750 1299 120
1300 1439 60
12 16
0 1439 90
13 14
0 1439 60
14 15
0 1439 60
15 17
0 1439 60
15 18
0 1439 60
16 17
0 1439 60
16 18
0 1439 60
17 19
0 1439 60
18 19
0 1439 30
19 30
0 1439 15
20 21
0 1439 90
20 22
0 1439 30
20 23
0 1439 60
20 28
0 1439 180
26 21
0 1439 30
25 22
0 749 60
750 1299 120
1300 1439 60
26 22
0 1439 90
23 24
0 1439 60
24 25
0 1439 60
25 27
0 1439 60
25 28
0 1439 60
26 27
0 1439 60
26 28
0 1439 60
27 29
0 1439 60
28 29
0 999 30
1000 1439 90
29 40
0 1439 15
30 31
0 1439 90
30 32
0 1439 30
30 33
0 1439 60
30 38
0 799 180
800 999 60
1000 1439 180
31 36
0 1439 30
32 35
0 749 60
750 1299 120
1300 1439 60
32 36
0 1439 90
33 34
0 1439 60
34 35
0 1439 60
35 37
0 1439 60
35 38
0 1439 60
36 37
0 1439 60
36 38
0 1439 60
37 39
0 1439 60
38 39
0 999 30
1000 1439 90
39 40
0 1439 15
40 41
0 1439 180
40 42
0 1439 60
40 43
0 1439 120
40 48
0 1439 360
41 46
0 1439 60
42 45
0 749 120
750 1299 240
1300 1439 120
42 46
0 1439 180
43 44
0 1439 120
44 45
0 1439 120
45 47
0 1439 120
45 48
0 1439 120
46 47
0 1439 120
46 48
0 1439 120
47 49
0 1439 120
48 49
0 999 60
1000 1439 180
49 50
0 1439 180
50 51
0 1439 90
50 52
0 1439 30
50 53
0 1439 60
50 58
0 1439 180
51 56
0 1439 30
52 55
0 1439 60
52 56
0 1439 90
53 54
0 1439 60
54 55
0 1439 60
55 57
0 1439 60
55 58
0 1439 60
56 57
0 1439 60
56 58
0 1439 60
57 59
0 1439 60
58 59
0 1439 30
59 60
0 1439 15
59 70
0 1439 15
60 61
0 1439 90
60 62
0 1439 30
60 63
0 1439 60
60 68
0 1439 180
61 66
0 1439 30
62 65
0 749 60
750 1299 120
1300 1439 60
62 66
0 1439 90
63 64
0 1439 60
64 65
0 1439 60
65 67
0 1439 60
65 68
0 1439 60
66 67
0 1439 60
66 68
0 1439 60
67 69
0 1439 60
68 69
0 1439 30
69 70
0 1439 15
70 71
0 1439 90
70 72
0 1439 30
70 73
0 1439 60
70 78
0 1439 180
76 71
0 1439 30
75 72
0 749 60
750 1299 120
1300 1439 60
76 72
0 1439 90
73 74
0 1439 60
74 75
0 1439 60
75 77
0 1439 60
75 78
0 1439 60
76 77
0 1439 60
76 78
0 1439 60
77 79
0 1439 60
78 79
0 999 30
1000 1439 90
79 90
0 1439 15
80 81
0 1439 90
80 82
0 1439 30
80 83
0 1439 60
80 88
0 799 180
800 999 60
1000 1439 180
81 86
0 1439 30
82 85
0 749 60
750 1299 120
1300 1439 60
82 86
0 1439 90
83 84
0 1439 60
84 85
0 1439 60
85 87
0 1439 60
85 88
0 1439 60
86 87
0 1439 60
86 88
0 1439 60
87 89
0 1439 60
88 89
0 999 30
1000 1439 90
89 90
0 1439 15
90 91
0 1439 180
90 92
0 1439 60
90 93
0 1439 120
90 98
0 1439 360
91 96
0 1439 60
92 95
0 749 120
750 1299 240
1300 1439 120
92 96
0 1439 180
93 94
0 1439 120
94 95
0 1439 120
95 97
0 1439 120
95 98
0 1439 120
96 97
0 1439 120
96 98
0 1439 120
97 99
0 1439 120
98 99
0 999 60
1000 1439 180
99 100
0 1439 11
100 101
0 1439 90
100 102
0 1439 30
100 103
0 1439 60
100 108
0 1439 180
101 106
0 1439 30
102 105
0 1439 60
102 106
0 1439 90
103 104
0 1439 60
104 105
0 1439 60
105 107
0 1439 60
105 108
0 1439 60
106 107
0 1439 60
106 108
0 1439 60
107 109
0 1439 60
108 109
0 1439 30
109 110
0 1439 15
109 120
0 1439 15
110 111
0 1439 90
110 112
0 1439 30
110 113
0 1439 60
110 118
0 1439 180
111 116
0 1439 30
112 115
0 749 60
750 1299 120
1300 1439 60
112 116
0 1439 90
113 114
0 1439 60
114 115
0 1439 60
115 117
0 1439 60
115 118
0 1439 60
116 117
0 1439 60
116 118
0 1439 60
117 119
0 1439 60
118 119
0 1439 30
119 130
0 1439 15
120 121
0 1439 90
120 122
0 1439 30
120 123
0 1439 60
120 128
0 1439 180
126 121
0 1439 30
125 122
0 749 60
750 1299 120
1300 1439 60
126 122
0 1439 90
123 124
0 1439 60
124 125
0 1439 60
125 127
0 1439 60
125 128
0 1439 60
126 127
0 1439 60
126 128
0 1439 60
127 129
0 1439 60
128 129
0 999 30
1000 1439 90
129 140
0 1439 15
130 131
0 1439 90
130 132
0 1439 30
130 133
0 1439 60
130 138
0 799 180
800 999 60
1000 1439 180
131 136
0 1439 30
132 135
0 749 60
750 1299 120
1300 1439 60
132 136
0 1439 90
133 134
0 1439 60
134 135
0 1439 60
135 137
0 1439 60
135 138
0 1439 60
136 137
0 1439 60
136 138
0 1439 60
137 139
0 1439 60
138 139
0 999 30
1000 1439 90
139 140
0 1439 15
140 141
0 1439 180
140 142
0 1439 60
140 143
0 1439 120
140 148
0 1439 360
141 146
0 1439 60
142 145
0 749 120
750 1299 240
1300 1439 120
142 146
0 1439 180
143 144
0 1439 120
144 145
0 1439 120
145 147
0 1439 120
145 148
0 1439 120
146 147
0 1439 120
146 148
0 1439 120
147 149
0 1439 120
148 149
0 999 60
1000 1439 180
149 150
0 1439 180
150 151
0 1439 90
150 152
0 1439 30
150 153
0 1439 60
150 158
0 1439 180
151 156
0 1439 30
152 155
0 1439 60
152 156
0 1439 90
153 154
0 1439 60
154 155
0 1439 60
155 157
0 1439 60
155 158
0 1439 60
156 157
0 1439 60
156 158
0 1439 60
157 159
0 1439 60
158 159
0 1439 30
159 160
0 1439 15
159 170
0 1439 15
160 161
0 1439 90
160 162
0 1439 30
160 163
0 1439 60
160 168
0 1439 180
161 166
0 1439 30
162 165
0 749 60
750 1299 120
1300 1439 60
162 166
0 1439 90
163 164
0 1439 60
164 165
0 1439 60
165 167
0 1439 60
165 168
0 1439 60
166 167
0 1439 60
166 168
0 1439 60
167 169
0 1439 60
168 169
0 1439 30
169 170
0 1439 15
170 171
0 1439 90
170 172
0 1439 30
170 173
0 1439 60
170 178
0 1439 180
176 171
0 1439 30
175 172
0 749 60
750 1299 120
1300 1439 60
176 172
0 1439 90
173 174
0 1439 60
174 175
0 1439 60
175 177
0 1439 60
175 178
0 1439 60
176 177
0 1439 60
176 178
0 1439 60
177 179
0 1439 60
178 179
0 999 30
1000 1439 90
179 190
0 1439 15
180 181
0 1439 90
180 182
0 1439 30
180 183
0 1439 60
180 188
0 799 180
800 999 60
1000 1439 180
181 186
0 1439 30
182 185
0 749 60
750 1299 120
1300 1439 60
182 186
0 1439 90
183 184
0 1439 60
184 185
0 1439 60
185 187
0 1439 60
185 188
0 1439 60
186 187
0 1439 60
186 188
0 1439 60
187 189
0 1439 60
188 189
0 999 30
1000 1439 90
189 190
0 1439 15
190 191
0 1439 180
190 192
0 1439 60
190 193
0 1439 120
190 198
0 1439 360
191 196
0 1439 60
192 195
0 749 120
750 1299 240
1300 1439 120
192 196
0 1439 180
193 194
0 1439 120
194 195
0 1439 120
195 197
0 1439 120
195 198
0 1439 120
196 197
0 1439 120
196 198
0 1439 120
197 199
0 1439 120
198 199
0 999 60
1000 1439 180
199 200
0 1439 11
200 201
0 1439 90
200 202
0 1439 30
200 203
0 1439 60
200 208
0 1439 180
201 206
0 1439 30
202 205
0 1439 60
202 206
0 1439 90
203 204
0 1439 60
204 205
0 1439 60
205 207
0 1439 60
205 208
0 1439 60
206 207
0 1439 60
206 208
0 1439 60
207 209
0 1439 60
208 209
0 1439 30
209 210
0 1439 15
209 220
0 1439 15
210 211
0 1439 90
210 212
0 1439 30
210 213
0 1439 60
210 218
0 1439 180
211 216
0 1439 30
212 215
0 749 60
750 1299 120
1300 1439 60
212 216
0 1439 90
213 214
0 1439 60
214 215
0 1439 60
215 217
0 1439 60
215 218
0 1439 60
216 217
0 1439 60
216 218
0 1439 60
217 219
0 1439 60
218 219
0 1439 30
219 230
0 1439 15
220 221
0 1439 90
220 222
0 1439 30
220 223
0 1439 60
220 228
0 1439 180
226 221
0 1439 30
225 222
0 749 60
750 1299 120
1300 1439 60
226 222
0 1439 90
223 224
0 1439 60
224 225
0 1439 60
225 227
0 1439 60
225 228
0 1439 60
226 227
0 1439 60
226 228
0 1439 60
227 229
0 1439 60
228 229
0 999 30
1000 1439 90
229 240
0 1439 15
230 231
0 1439 90
230 232
0 1439 30
230 233
0 1439 60
230 238
0 799 180
800 999 60
1000 1439 180
231 236
0 1439 30
232 235
0 749 60
750 1299 120
1300 1439 60
232 236
0 1439 90
233 234
0 1439 60
234 235
0 1439 60
235 237
0 1439 60
235 238
0 1439 60
236 237
0 1439 60
236 238
0 1439 60
237 239
0 1439 60
238 239
0 999 30
1000 1439 90
239 240
0 1439 15
240 241
0 1439 180
240 242
0 1439 60
240 243
0 1439 120
240 248
0 1439 360
241 246
0 1439 60
242 245
0 749 120
750 1299 240
1300 1439 120
242 246
0 1439 180
243 244
0 1439 120
244 245
0 1439 120
245 247
0 1439 120
245 248
0 1439 120
246 247
0 1439 120
246 248
0 1439 120
247 249
0 1439 120
248 249
0 999 60
1000 1439 180
249 250
0 1439 180
250 251
0 1439 90
250 252
0 1439 30
250 253
0 1439 60
250 258
0 1439 180
251 256
0 1439 30
252 255
0 1439 60
252 256
0 1439 90
253 254
0 1439 60
254 255
0 1439 60
255 257
0 1439 60
255 258
0 1439 60
256 257
0 1439 60
256 258
0 1439 60
257 259
0 1439 60
258 259
0 1439 30
259 260
0 1439 15
259 270
0 1439 15
260 261
0 1439 90
260 262
0 1439 30
260 263
0 1439 60
260 268
0 1439 180
261 266
0 1439 30
262 265
0 749 60
750 1299 120
1300 1439 60
262 266
0 1439 90
263 264
0 1439 60
264 265
0 1439 60
265 267
0 1439 60
265 268
0 1439 60
266 267
0 1439 60
266 268
0 1439 60
267 269
0 1439 60
268 269
0 1439 30
269 270
0 1439 15
270 271
0 1439 90
270 272
0 1439 30
270 273
0 1439 60
270 278
0 1439 180
276 271
0 1439 30
275 272
0 749 60
750 1299 120
1300 1439 60
276 272
0 1439 90
273 274
0 1439 60
274 275
0 1439 60
275 277
0 1439 60
275 278
0 1439 60
276 277
0 1439 60
276 278
0 1439 60
277 279
0 1439 60
278 279
0 999 30
1000 1439 90
279 290
0 1439 15
280 281
0 1439 90
280 282
0 1439 30
280 283
0 1439 60
280 288
0 799 180
800 999 60
1000 1439 180
281 286
0 1439 30
282 285
0 749 60
750 1299 120
1300 1439 60
282 286
0 1439 90
283 284
0 1439 60
284 285
0 1439 60
285 287
0 1439 60
285 288
0 1439 60
286 287
0 1439 60
286 288
0 1439 60
287 289
0 1439 60
288 289
0 999 30
1000 1439 90
289 290
0 1439 15
290 291
0 1439 180
290 292
0 1439 60
290 293
0 1439 120
290 298
0 1439 360
291 296
0 1439 60
292 295
0 749 120
750 1299 240
1300 1439 120
292 296
0 1439 180
293 294
0 1439 120
294 295
0 1439 120
295 297
0 1439 120
295 298
0 1439 120
296 297
0 1439 120
296 298
0 1439 120
297 299
0 1439 120
298 299
0 999 60
1000 1439 180
299 300
0 1439 11
300 301
0 1439 90
300 302
0 1439 30
300 303
0 1439 60
300 308
0 1439 180
301 306
0 1439 30
302 305
0 1439 60
302 306
0 1439 90
303 304
0 1439 60
304 305
0 1439 60
305 307
0 1439 60
305 308
0 1439 60
306 307
0 1439 60
306 308
0 1439 60
307 309
0 1439 60
308 309
0 1439 30
309 310
0 1439 15
309 320
0 1439 15
310 311
0 1439 90
310 312
0 1439 30
310 313
0 1439 60
310 318
0 1439 180
311 316
0 1439 30
312 315
0 749 60
750 1299 120
1300 1439 60
312 316
0 1439 90
313 314
0 1439 60
314 315
0 1439 60
315 317
0 1439 60
315 318
0 1439 60
316 317
0 1439 60
316 318
0 1439 60
317 319
0 1439 60
318 319
0 1439 30
319 330
0 1439 15
320 321
0 1439 90
320 322
0 1439 30
320 323
0 1439 60
320 328
0 1439 180
326 321
0 1439 30
325 322
0 749 60
750 1299 120
1300 1439 60
326 322
0 1439 90
323 324
0 1439 60
324 325
0 1439 60
325 327
0 1439 60
325 328
0 1439 60
326 327
0 1439 60
326 328
0 1439 60
327 329
0 1439 60
328 329
0 999 30
1000 1439 90
329 340
0 1439 15
330 331
0 1439 90
330 332
0 1439 30
330 333
0 1439 60
330 338
0 799 180
800 999 60
1000 1439 180
331 336
0 1439 30
332 335
0 749 60
750 1299 120
1300 1439 60
332 336
0 1439 90
333 334
0 1439 60
334 335
0 1439 60
335 337
0 1439 60
335 338
0 1439 60
336 337
0 1439 60
336 338
0 1439 60
337 339
0 1439 60
338 339
0 999 30
1000 1439 90
339 340
0 1439 15
340 341
0 1439 180
340 342
0 1439 60
340 343
0 1439 120
340 348
0 1439 360
341 346
0 1439 60
342 345
0 749 120
750 1299 240
1300 1439 120
342 346
0 1439 180
343 344
0 1439 120
344 345
0 1439 120
345 347
0 1439 120
345 348
0 1439 120
346 347
0 1439 120
346 348
0 1439 120
347 349
0 1439 120
348 349
0 999 60
1000 1439 180
349 350
0 1439 180
350 351
0 1439 90
350 352
0 1439 30
350 353
0 1439 60
350 358
0 1439 180
351 356
0 1439 30
352 355
0 1439 60
352 356
0 1439 90
353 354
0 1439 60
354 355
0 1439 60
355 357
0 1439 60
355 358
0 1439 60
356 357
0 1439 60
356 358
0 1439 60
357 359
0 1439 60
358 359
0 1439 30
359 360
0 1439 15
359 370
0 1439 15
360 361
0 1439 90
360 362
0 1439 30
360 363
0 1439 60
360 368
0 1439 180
361 366
0 1439 30
362 365
0 749 60
750 1299 120
1300 1439 60
362 366
0 1439 90
363 364
0 1439 60
364 365
0 1439 60
365 367
0 1439 60
365 368
0 1439 60
366 367
0 1439 60
366 368
0 1439 60
367 369
0 1439 60
368 369
0 1439 30
369 370
0 1439 15
370 371
0 1439 90
370 372
0 1439 30
370 373
0 1439 60
370 378
0 1439 180
376 371
0 1439 30
375 372
0 749 60
750 1299 120
1300 1439 60
376 372
0 1439 90
373 374
0 1439 60
374 375
0 1439 60
375 377
0 1439 60
375 378
0 1439 60
376 377
0 1439 60
376 378
0 1439 60
377 379
0 1439 60
378 379
0 999 30
1000 1439 90
379 390
0 1439 15
380 381
0 1439 90
380 382
0 1439 30
380 383
0 1439 60
380 388
0 799 180
800 999 60
1000 1439 180
381 386
0 1439 30
382 385
0 749 60
750 1299 120
1300 1439 60
382 386
0 1439 90
383 384
0 1439 60
384 385
0 1439 60
385 387
0 1439 60
385 388
0 1439 60
386 387
0 1439 60
386 388
0 1439 60
387 389
0 1439 60
388 389
0 999 30
1000 1439 90
389 390
0 1439 15
390 391
0 1439 180
390 392
0 1439 60
390 393
0 1439 120
390 398
0 1439 360
391 396
0 1439 60
392 395
0 749 120
750 1299 240
1300 1439 120
392 396
0 1439 180
393 394
0 1439 120
394 395
0 1439 120
395 397
0 1439 120
395 398
0 1439 120
396 397
0 1439 120
396 398
0 1439 120
397 399
0 1439 120
398 399
0 999 60
1000 1439 180
399 400
0 1439 11
400 401
0 1439 90
400 402
0 1439 30
400 403
0 1439 60
400 408
0 1439 180
401 406
0 1439 30
402 405
0 1439 60
402 406
0 1439 90
403 404
0 1439 60
404 405
0 1439 60
405 407
0 1439 60
405 408
0 1439 60
406 407
0 1439 60
406 408
0 1439 60
407 409
0 1439 60
408 409
0 1439 30
409 410
0 1439 15
409 420
0 1439 15
410 411
0 1439 90
410 412
0 1439 30
410 413
0 1439 60
410 418
0 1439 180
411 416
0 1439 30
412 415
0 749 60
750 1299 120
1300 1439 60
412 416
0 1439 90
413 414
0 1439 60
414 415
0 1439 60
415 417
0 1439 60
415 418
0 1439 60
416 417
0 1439 60
416 418
0 1439 60
417 419
0 1439 60
418 419
0 1439 30
419 430
0 1439 15
420 421
0 1439 90
420 422
0 1439 30
420 423
0 1439 60
420 428
0 1439 180
426 421
0 1439 30
425 422
0 749 60
750 1299 120
1300 1439 60
426 422
0 1439 90
423 424
0 1439 60
424 425
0 1439 60
425 427
0 1439 60
425 428
0 1439 60
426 427
0 1439 60
426 428
0 1439 60
427 429
0 1439 60
428 429
0 999 30
1000 1439 90
429 440
0 1439 15
430 431
0 1439 90
430 432
0 1439 30
430 433
0 1439 60
430 438
0 799 180
800 999 60
1000 1439 180
431 436
0 1439 30
432 435
0 749 60
750 1299 120
1300 1439 60
432 436
0 1439 90
433 434
0 1439 60
434 435
0 1439 60
435 437
0 1439 60
435 438
0 1439 60
436 437
0 1439 60
436 438
0 1439 60
437 439
0 1439 60
438 439
0 999 30
1000 1439 90
439 440
0 1439 15
440 441
0 1439 180
440 442
0 1439 60
440 443
0 1439 120
440 448
0 1439 360
441 446
0 1439 60
442 445
0 749 120
750 1299 240
1300 1439 120
442 446
0 1439 180
443 444
0 1439 120
444 445
0 1439 120
445 447
0 1439 120
445 448
0 1439 120
446 447
0 1439 120
446 448
0 1439 120
447 449
0 1439 120
448 449
0 999 60
1000 1439 180
449 450
0 1439 180
450 451
0 1439 90
450 452
0 1439 30
450 453
0 1439 60
450 458
0 1439 180
451 456
0 1439 30
452 455
0 1439 60
452 456
0 1439 90
453 454
0 1439 60
454 455
0 1439 60
455 457
0 1439 60
455 458
0 1439 60
456 457
0 1439 60
456 458
0 1439 60
457 459
0 1439 60
458 459
0 1439 30
459 460
0 1439 15
459 470
0 1439 15
460 461
0 1439 90
460 462
0 1439 30
460 463
0 1439 60
460 468
0 1439 180
461 466
0 1439 30
462 465
0 749 60
750 1299 120
1300 1439 60
462 466
0 1439 90
463 464
0 1439 60
464 465
0 1439 60
465 467
0 1439 60
465 468
0 1439 60
466 467
0 1439 60
466 468
0 1439 60
467 469
0 1439 60
468 469
0 1439 30
469 470
0 1439 15
470 471
0 1439 90
470 472
0 1439 30
470 473
0 1439 60
470 478
0 1439 180
476 471
0 1439 30
475 472
0 749 60
750 1299 120
1300 1439 60
476 472
0 1439 90
473 474
0 1439 60
474 475
0 1439 60
475 477
0 1439 60
475 478
0 1439 60
476 477
0 1439 60
476 478
0 1439 60
477 479
0 1439 60
478 479
0 999 30
1000 1439 90
479 490
0 1439 15
480 481
0 1439 90
480 482
0 1439 30
480 483
0 1439 60
480 488
0 799 180
800 999 60
1000 1439 180
481 486
0 1439 30
482 485
0 749 60
750 1299 120
1300 1439 60
482 486
0 1439 90
483 484
0 1439 60
484 485
0 1439 60
485 487
0 1439 60
485 488
0 1439 60
486 487
0 1439 60
486 488
0 1439 60
487 489
0 1439 60
488 489
0 999 30
1000 1439 90
489 490
0 1439 15
490 491
0 1439 180
490 492
0 1439 60
490 493
0 1439 120
490 498
0 1439 360
491 496
0 1439 60
492 495
0 749 120
750 1299 240
1300 1439 120
492 496
0 1439 180
493 494
0 1439 120
494 495
0 1439 120
495 497
0 1439 120
495 498
0 1439 120
496 497
0 1439 120
496 498
0 1439 120
497 499
0 1439 120
498 499
0 999 60
1000 1439 180
0 0
