100
3 3 1
4 7 2
1 1 1
1 1 2
1 100 1
1 100 2
99 1 1
99 1 2
99 100 1
99 100 2
2 1 1
2 1 2
2 2 1
2 2 2
2 22 1
2 22 2
36 75 2
15 72 1
7 29 1
67 75 2
96 84 2
49 32 2
90 37 2
40 18 1
53 6 1
43 68 2
77 63 2
19 91 1
87 68 1
69 57 2
87 28 2
85 21 1
12 45 2
16 67 1
79 4 1
57 65 2
9 95 1
49 25 2
35 53 2
96 89 2
20 66 1
36 68 2
74 92 1
32 94 2
69 12 2
50 43 2
36 92 1
29 7 1
75 17 1
80 86 2
45 20 1
98 58 1
77 2 1
62 25 2
27 64 1
14 32 1
81 20 2
49 92 1
25 89 1
25 100 1
98 29 1
90 70 1
39 28 2
32 98 1
82 11 2
85 84 2
66 14 1
89 34 2
18 26 2
88 62 1
51 31 2
88 88 1
41 64 2
68 47 2
6 93 2
7 16 2
44 25 1
92 63 2
99 76 1
17 90 1
79 20 1
34 39 2
69 1 1
20 77 1
42 38 2
24 53 1
6 57 2
52 78 2
18 99 2
95 26 1
97 1 1
19 63 2
76 95 1
58 6 1
35 10 2
59 11 2
61 59 2
67 49 2
99 37 2
46 6 1
